This is Ipopt version 3.14.13, running with linear solver MUMPS 5.6.0.

Number of nonzeros in equality constraint Jacobian...:  2027032
Number of nonzeros in inequality constraint Jacobian.:        2
Number of nonzeros in Lagrangian Hessian.............:   676426

Total number of variables............................:    47001
                     variables with only lower bounds:        0
                variables with lower and upper bounds:      999
                     variables with only upper bounds:        0
Total number of equality constraints.................:    46002
Total number of inequality constraints...............:        1
        inequality constraints with only lower bounds:        1
   inequality constraints with lower and upper bounds:        0
        inequality constraints with only upper bounds:        0

iter    objective    inf_pr   inf_du lg(mu)  ||d||  lg(rg) alpha_du alpha_pr  ls
   0  1.2627975e+02 1.44e+00 5.62e-01  -1.0 0.00e+00    -  0.00e+00 0.00e+00   0
   1  1.0941491e+02 8.03e-01 1.41e+00  -1.0 2.24e+00   0.0 8.27e-01 4.44e-01h  1
   2  1.0878309e+02 7.84e-01 9.27e+01  -1.0 6.13e-01   0.4 1.00e+00 2.37e-02h  1
   3  1.2266797e+02 6.76e-01 1.39e+02  -1.0 1.23e+00  -0.1 1.00e+00 1.00e+00h  1
   4  1.2259400e+02 6.72e-01 6.56e+04  -1.0 1.21e+00   1.3 1.00e+00 5.07e-03h  1
   5  1.2036315e+02 5.60e-01 5.73e+04  -1.0 3.59e+00   0.8 1.00e+00 1.69e-01h  3
   6  1.1994680e+02 5.09e-01 1.02e+05  -1.0 4.95e+00   1.2 4.66e-01 9.17e-02h  3
   7  1.2226493e+02 9.76e-01 9.89e+04  -1.0 4.23e+00   1.7 1.00e+00 5.58e-01H  1
   8  1.2353695e+02 1.40e-01 1.34e+04  -1.0 5.73e-01   3.0 1.00e+00 1.00e+00h  1
   9  1.2295797e+02 4.45e-03 1.27e+05  -1.0 1.37e-01   3.4 7.16e-01 1.00e+00h  1
iter    objective    inf_pr   inf_du lg(mu)  ||d||  lg(rg) alpha_du alpha_pr  ls
  10  1.2291033e+02 8.78e-06 3.49e+03  -1.0 5.62e-03   2.9 4.80e-01 1.00e+00f  1
  11  1.2301299e+02 2.26e-05 1.88e+01  -1.0 6.84e-03   2.5 1.00e+00 1.00e+00f  1
  12  1.2296743e+02 1.31e-06 1.55e-01  -1.0 1.63e-03   2.0 1.00e+00 1.00e+00h  1
  13  1.2280990e+02 1.13e-05 1.51e-01  -2.5 4.77e-03   1.5 1.00e+00 1.00e+00f  1
  14  1.2235135e+02 9.33e-05 1.45e-01  -2.5 1.38e-02   1.0 1.00e+00 1.00e+00f  1
  15  1.2180351e+02 2.01e-04 9.44e+00  -2.5 3.67e-02   0.5 1.00e+00 4.80e-01f  1
  16  1.1932154e+02 3.53e-03 9.79e-02  -2.5 8.44e-02   0.1 1.00e+00 1.00e+00f  1
  17  1.1602256e+02 7.76e-03 4.95e-02  -2.5 1.29e-01  -0.4 1.00e+00 1.00e+00f  1
  18  1.1290421e+02 1.68e-02 3.05e-02  -2.5 1.90e-01  -0.9 1.00e+00 1.00e+00f  1
  19  1.0737304e+02 6.21e-01 1.26e+00  -2.5 1.27e+00  -1.4 1.00e+00 1.00e+00f  1
iter    objective    inf_pr   inf_du lg(mu)  ||d||  lg(rg) alpha_du alpha_pr  ls
  20  1.0210084e+02 8.04e-02 2.30e+00  -2.5 5.27e-01  -0.9 1.00e+00 1.00e+00h  1
  21  1.0135016e+02 3.47e-02 1.49e+02  -2.5 2.79e-01  -1.4 1.00e+00 1.00e+00h  1
  22  1.0128567e+02 1.08e-01 1.48e+02  -2.5 4.67e-01  -1.9 1.00e+00 1.00e+00h  1
  23  1.0096167e+02 2.23e-04 2.17e-01  -2.5 1.03e-01   0.3 1.00e+00 1.00e+00h  1
  24  1.0089458e+02 9.63e-05 1.29e-02  -2.5 1.49e-02  -0.1 1.00e+00 1.00e+00h  1
  25  1.0065498e+02 6.89e-04 9.81e-03  -3.8 4.00e-02  -0.6 1.00e+00 1.00e+00h  1
  26  1.0027782e+02 2.15e-03 6.16e-03  -3.8 7.18e-02  -1.1 1.00e+00 1.00e+00h  1
  27  1.0004458e+02 7.32e-03 1.49e+02  -3.8 1.25e-01  -1.6 1.00e+00 1.00e+00h  1
  28  9.9620535e+01 4.31e-02 1.49e+02  -3.8 2.94e-01  -2.0 1.71e-01 1.00e+00h  1
  29  9.9603270e+01 2.79e-04 9.48e-02  -3.8 3.89e-02   0.2 1.00e+00 1.00e+00h  1
iter    objective    inf_pr   inf_du lg(mu)  ||d||  lg(rg) alpha_du alpha_pr  ls
  30  9.9583529e+01 2.32e-05 3.95e-03  -3.8 7.46e-03  -0.3 1.00e+00 1.00e+00h  1
  31  9.9506309e+01 1.72e-04 3.49e-03  -3.8 2.05e-02  -0.8 1.00e+00 1.00e+00h  1
  32  9.9275792e+01 1.85e-03 3.77e-03  -3.8 6.80e-02  -1.2 1.00e+00 1.00e+00h  1
  33  9.5007309e+01 1.48e-01 1.14e-01  -3.8 5.93e-01  -1.7 2.67e-01 1.00e+00f  1
  34  3.6123224e+01 3.88e-01 5.83e-01  -3.8 9.29e-01  -1.3 1.00e+00 1.00e+00f  1
  35  4.1534279e+01 1.99e-01 3.13e-01  -3.8 6.74e-01  -0.9 1.00e+00 1.00e+00h  1
  36  5.3321524e+01 5.11e-03 8.17e-02  -3.8 2.25e-01  -0.4 1.00e+00 1.00e+00h  1
  37  4.4997716e+01 3.33e-02 4.07e-02  -3.8 2.58e-01  -0.9 1.00e+00 1.00e+00f  1
  38  7.6317286e+00 2.20e+00 1.56e+02  -3.8 2.66e+00  -1.4 1.00e+00 1.00e+00f  1
  39  3.2348636e+01 1.27e+00 5.49e+01  -3.8 2.49e+00  -1.0 1.00e+00 5.00e-01h  2
iter    objective    inf_pr   inf_du lg(mu)  ||d||  lg(rg) alpha_du alpha_pr  ls
  40  1.0617923e+01 3.58e-01 5.97e-01  -3.8 1.01e+00  -0.5 1.00e+00 1.00e+00h  1
  41  1.4649874e+01 4.18e-03 2.36e-01  -3.8 3.13e-01  -0.1 1.00e+00 1.00e+00h  1
  42  1.2786503e+01 1.30e-02 4.92e-02  -3.8 1.62e-01  -0.6 1.00e+00 1.00e+00f  1
  43  9.0697428e+00 7.81e-02 3.24e-02  -3.8 4.11e-01  -1.1 1.00e+00 1.00e+00f  1
  44  4.5773039e+00 3.42e-01 6.25e-02  -3.8 9.49e-01  -1.6 1.00e+00 1.00e+00f  1
  45  4.8647669e+00 1.44e-02 2.59e-02  -3.8 3.45e-01  -1.1 1.00e+00 1.00e+00h  1
  46  3.7412500e+00 8.80e-02 1.34e-02  -3.8 4.24e-01  -1.6 1.00e+00 1.00e+00h  1
  47  2.4608266e+00 4.90e-01 7.62e-02  -3.8 1.05e+00  -2.1 1.00e+00 1.00e+00h  1
  48  2.3044253e+00 9.75e-01 2.84e-01  -3.8 3.97e+00  -2.6 8.20e-01 3.63e-01h  2
  49  1.7556931e+00 2.63e-01 5.31e-02  -3.8 7.66e-01  -2.1 1.00e+00 1.00e+00h  1
iter    objective    inf_pr   inf_du lg(mu)  ||d||  lg(rg) alpha_du alpha_pr  ls
  50  1.4264156e+00 4.66e-02 1.04e-02  -3.8 5.24e-01  -1.7 1.00e+00 1.00e+00h  1
  51  1.1680491e+00 1.00e+00 2.77e-02  -3.8 1.47e+00  -2.2 1.00e+00 1.00e+00h  1
  52  8.9512944e-01 8.53e-01 8.78e-02  -3.8 1.42e+00  -2.7 1.00e+00 1.00e+00h  1
  53  7.0322780e-01 1.74e+00 1.07e+02  -3.8 1.99e+00  -3.1 1.00e+00 1.00e+00h  1
  54  7.9566984e-01 1.73e+00 6.84e-01  -3.8 3.73e+00  -2.7 7.51e-01 6.90e-03h  8
  55  6.4943173e-01 4.41e-01 3.95e-02  -3.8 9.95e-01  -2.3 1.00e+00 1.00e+00h  1
  56  5.9606749e-01 4.40e-01 1.05e+02  -3.8 1.72e+01    -  1.45e-01 2.91e-03h  7
  57  5.9524813e-01 4.37e-01 8.08e-01  -3.8 1.39e+01    -  8.61e-02 7.72e-03h  6
  58  6.6541116e-01 3.43e-03 6.38e-03  -3.8 4.62e-01  -1.9 1.00e+00 1.00e+00h  1
  59  6.3642384e-01 1.92e-02 5.22e-03  -3.8 2.06e-01  -2.3 1.00e+00 1.00e+00h  1
iter    objective    inf_pr   inf_du lg(mu)  ||d||  lg(rg) alpha_du alpha_pr  ls
  60  4.9343058e-01 1.32e+00 1.47e+02  -3.8 1.78e+00  -2.8 6.51e-01 1.00e+00h  1
  61  5.2304919e-01 1.32e+00 1.47e+02  -3.8 7.52e+00  -2.4 4.99e-01 1.53e-03h  9
  62  5.8704761e-01 1.32e+00 3.88e-01  -3.8 9.53e+00  -2.9 3.00e-01 1.21e-03h  9
  63  4.7811583e-01 9.07e-02 1.47e+02  -3.8 1.06e+00  -2.4 1.00e+00 1.00e+00h  1
  64  4.0896233e-01 9.07e-02 1.46e+02  -3.8 7.24e+01    -  3.99e-02 4.14e-03f  4
  65  4.0999244e-01 9.07e-02 1.46e+02  -3.8 1.64e+01    -  2.12e-01 3.04e-04h 10
  66  4.1208674e-01 9.06e-02 1.46e+02  -3.8 1.50e+01    -  6.40e-01 6.64e-04h  9
  67  4.1431583e-01 9.05e-02 1.46e+02  -3.8 1.04e+01    -  2.64e-01 9.88e-04h  9
  68  4.1666289e-01 9.04e-02 1.46e+02  -3.8 8.96e+00    -  8.96e-01 1.20e-03h  9
  69  4.4129838e-01 9.01e-02 1.51e+00  -3.8 5.88e+00    -  3.12e-01 3.65e-03h  8
iter    objective    inf_pr   inf_du lg(mu)  ||d||  lg(rg) alpha_du alpha_pr  ls
  70  3.1278605e-01 1.25e-02 3.44e-03  -3.8 1.58e-01  -2.0 1.00e+00 1.00e+00h  1
  71  3.0451680e-01 1.25e-02 1.45e+02  -3.8 2.82e+00    -  1.00e+00 7.62e-03h  8
  72  2.8211695e-01 3.18e-01 7.26e+01  -3.8 1.64e+00    -  1.00e+00 5.00e-01h  2
  73  2.0947401e-01 1.23e-02 1.45e+02  -3.8 2.83e-01   0.2 1.00e+00 1.00e+00h  1
  74  3.6670372e-01 7.96e-05 1.45e+02  -3.8 1.41e-02  -0.3 1.00e+00 1.00e+00h  1
  75  3.5126388e-01 3.30e-05 1.85e-02  -3.8 9.11e-03   0.2 1.00e+00 1.00e+00h  1
  76  3.3025039e-01 2.17e-05 3.49e-03  -3.8 7.00e-03  -0.3 1.00e+00 1.00e+00h  1
  77  2.9414492e-01 9.62e-05 2.33e-03  -3.8 1.42e-02  -0.8 1.00e+00 1.00e+00h  1
  78  2.6324639e-01 2.81e-04 1.31e-03  -3.8 2.43e-02  -1.3 1.00e+00 1.00e+00h  1
  79  2.5018712e-01 4.51e-04 5.66e-04  -4.0 3.04e-02  -1.7 1.00e+00 1.00e+00h  1
iter    objective    inf_pr   inf_du lg(mu)  ||d||  lg(rg) alpha_du alpha_pr  ls
  80  2.3874937e-01 1.10e-03 4.94e-04  -4.0 4.96e-02  -2.2 1.00e+00 1.00e+00h  1
  81  2.1891001e-01 1.50e-03 5.89e-04  -4.0 8.91e-02  -2.7 1.00e+00 5.00e-01h  2
  82  2.1234445e-01 1.48e-03 1.43e+02  -4.0 2.11e-01  -3.2 1.00e+00 1.25e-01h  4
  83  2.0925239e-01 1.61e-03 1.79e+01  -4.0 3.06e-01  -3.6 1.00e+00 1.25e-01h  4
  84  2.3867009e-01 1.61e-06 6.77e-04  -4.0 2.00e-03  -0.5 1.00e+00 1.00e+00h  1
  85  2.3777371e-01 7.05e-06 4.03e-04  -4.0 3.93e-03  -1.0 1.00e+00 1.00e+00h  1
  86  2.3631216e-01 3.02e-05 2.80e-04  -4.0 8.18e-03  -1.5 1.00e+00 1.00e+00h  1
  87  2.3265486e-01 1.41e-04 1.91e-04  -4.0 1.68e-02  -1.9 1.00e+00 1.00e+00h  1
  88  2.0860251e-01 8.12e-04 3.22e-04  -4.0 4.10e-02  -2.4 1.00e+00 1.00e+00h  1
  89  2.0676369e-01 7.93e-04 3.28e-04  -4.0 1.10e-01  -2.9 1.00e+00 1.25e-01h  4
iter    objective    inf_pr   inf_du lg(mu)  ||d||  lg(rg) alpha_du alpha_pr  ls
  90  2.0438915e-01 8.11e-04 3.43e-04  -4.0 3.06e-01  -3.4 1.00e+00 3.12e-02h  6
  91  2.0373847e-01 8.31e-04 1.41e+02  -4.0 9.43e-01  -3.9 1.00e+00 7.81e-03h  8
  92  2.0199236e-01 5.73e-03 1.76e+01  -4.0 8.14e-01  -4.3 1.00e+00 1.25e-01h  4
  93  2.2578583e-01 7.95e-07 2.79e-03  -4.0 5.80e-03  -0.3 1.00e+00 1.00e+00h  1
  94  2.0442345e-01 1.50e-04 2.61e-03  -4.0 2.90e-01    -  1.00e+00 6.25e-02h  5
  95  1.9257732e-01 3.13e-04 1.39e+02  -4.0 3.08e-01    -  1.00e+00 6.25e-02h  5
  96  1.8932246e-01 3.23e-04 1.74e+01  -4.0 1.42e-01    -  1.00e+00 1.25e-01h  4
  97  2.2579767e-01 9.97e-06 1.32e-03  -4.0 4.56e-03  -0.8 1.00e+00 1.00e+00h  1
  98  2.2356673e-01 2.80e-05 4.42e-04  -4.0 7.79e-03  -1.2 1.00e+00 1.00e+00h  1
  99  2.2115080e-01 7.08e-05 2.51e-04  -4.0 1.32e-02  -1.7 1.00e+00 1.00e+00h  1
iter    objective    inf_pr   inf_du lg(mu)  ||d||  lg(rg) alpha_du alpha_pr  ls
 100  2.2144863e-01 1.54e-05 1.72e-04  -4.0 2.68e-02  -2.2 1.00e+00 1.00e+00H  1
 101  2.1465668e-01 1.26e-04 1.62e-04  -4.0 6.58e-02  -2.7 1.00e+00 2.50e-01h  3
 102  1.9974658e-01 3.55e-04 2.87e-04  -4.0 1.79e-01  -3.2 1.00e+00 1.25e-01h  4
 103  1.9911636e-01 3.61e-04 2.91e-04  -4.0 5.12e-01  -3.6 1.00e+00 7.81e-03h  8
 104  1.9856986e-01 3.65e-04 2.94e-04  -4.0 1.62e+00  -4.1 1.00e+00 1.95e-03h 10
 105  1.9809510e-01 3.68e-04 2.97e-04  -4.0 7.25e+00  -4.6 5.31e-01 3.56e-04h 11
 106  1.9789259e-01 3.69e-04 2.98e-04  -4.0 1.81e+00  -4.2 1.00e+00 9.77e-04h 11
 107  1.9774418e-01 3.70e-04 2.99e-04  -4.0 7.37e+00  -4.6 3.28e-01 1.76e-04h 12
 108  1.9719301e-01 4.89e-04 1.36e+02  -4.0 2.00e+00  -4.2 1.00e+00 7.81e-03h  8
 109  1.9127640e-01 6.81e-02 3.40e+01  -4.0 1.49e+00  -4.7 1.00e+00 2.50e-01h  3
iter    objective    inf_pr   inf_du lg(mu)  ||d||  lg(rg) alpha_du alpha_pr  ls
 110  1.9654113e-01 5.96e-02 2.97e+01  -4.0 6.38e-02   0.3 1.00e+00 1.25e-01h  4
 111  2.1310019e-01 1.06e-04 3.35e-02  -4.0 5.65e-02  -0.2 1.00e+00 1.00e+00w  1
 112  1.9765955e-01 8.29e-06 9.11e-04  -4.0 4.10e-03  -0.7 1.00e+00 1.00e+00h  1
 113  1.9656957e-01 1.56e-05 3.70e-04  -4.0 5.59e-03  -1.2 1.00e+00 1.00e+00h  1
 114  1.9533471e-01 7.69e-05 2.75e-04  -4.0 1.24e-02  -1.7 1.00e+00 1.00e+00h  1
 115  1.8856676e-01 3.41e-04 1.94e-04  -4.0 2.61e-02  -2.1 1.00e+00 1.00e+00h  1
 116  1.8407321e-01 1.06e-04 5.46e-04  -4.0 5.75e-02  -2.6 1.00e+00 1.00e+00H  1
 117  1.7541084e-01 2.01e-04 5.64e-04  -4.0 1.41e-01  -3.1 1.00e+00 1.25e-01h  4
 118  1.7192896e-01 2.66e-04 9.33e+01  -4.0 3.82e-01  -3.6 1.00e+00 3.12e-02h  6
 119  1.7156666e-01 2.77e-03 2.33e+01  -4.0 3.04e-01  -4.0 1.00e+00 2.50e-01h  3
iter    objective    inf_pr   inf_du lg(mu)  ||d||  lg(rg) alpha_du alpha_pr  ls
 120  1.9038551e-01 5.15e-07 2.74e-03  -4.0 3.01e-03  -0.0 1.00e+00 1.00e+00h  1
 121  1.7290005e-01 1.46e-04 2.57e-03  -4.0 2.74e-01    -  1.00e+00 6.25e-02h  5
 122  1.6491170e-01 2.96e-04 1.31e+02  -4.0 2.87e-01    -  1.00e+00 6.25e-02h  5
 123  1.6145270e-01 2.23e-04 3.27e+01  -4.0 5.82e-02    -  1.00e+00 2.50e-01h  3
 124  1.8791423e-01 3.70e-06 1.48e-03  -4.0 2.89e-03  -0.5 1.00e+00 1.00e+00h  1
 125  1.8689993e-01 6.40e-06 4.19e-04  -4.0 3.79e-03  -1.0 1.00e+00 1.00e+00h  1
 126  1.8557536e-01 2.15e-05 2.53e-04  -4.0 6.83e-03  -1.4 1.00e+00 1.00e+00h  1
 127  1.8290574e-01 7.34e-05 1.60e-04  -4.0 1.30e-02  -1.9 1.00e+00 1.00e+00h  1
 128  1.8548066e-01 4.64e-05 2.33e-04  -4.0 3.09e-02  -2.4 1.00e+00 1.00e+00H  1
 129  1.7181955e-01 2.25e-04 3.00e-04  -4.0 8.15e-02  -2.9 1.00e+00 2.50e-01h  3
iter    objective    inf_pr   inf_du lg(mu)  ||d||  lg(rg) alpha_du alpha_pr  ls
 130  1.7019090e-01 2.42e-04 3.07e-04  -4.0 2.23e-01  -3.3 1.00e+00 3.12e-02h  6
 131  1.6665530e-01 2.81e-04 3.35e-04  -4.0 6.01e-01  -3.8 1.00e+00 1.56e-02h  7
 132  1.6370891e-01 3.44e-04 8.96e+01  -4.0 1.49e+00  -4.3 1.00e+00 7.81e-03h  8
 133  1.5482277e-01 5.97e-02 1.27e+02  -4.0 1.02e+01    -  2.99e-01 3.51e-02h  4
 134  1.5884749e-01 5.97e-02 3.23e+00  -4.0 1.79e+00  -2.1 9.01e-01 9.77e-04h 11
 135  1.5763792e-01 2.98e-02 1.27e+02  -4.0 6.16e-02  -1.6 1.00e+00 5.00e-01h  2
 136  1.5281873e-01 2.96e-02 2.30e+00  -4.0 9.18e-01  -2.1 1.00e+00 7.81e-03h  8
 137  1.4824763e-01 1.95e-04 8.86e+01  -4.0 3.13e-02  -1.7 1.00e+00 1.00e+00h  1
 138  1.4821084e-01 2.22e-04 5.54e+00  -4.0 1.82e-01    -  1.00e+00 6.25e-02h  5
 139  1.6130331e-01 4.52e-06 3.11e-04  -4.0 3.03e-03  -1.3 1.00e+00 1.00e+00h  1
iter    objective    inf_pr   inf_du lg(mu)  ||d||  lg(rg) alpha_du alpha_pr  ls
 140  1.4173348e-01 1.99e-03 1.27e+02  -4.0 2.02e+00    -  1.00e+00 3.12e-02h  6
 141  1.4008181e-01 4.35e-02 3.18e+01  -4.0 1.20e+00    -  1.00e+00 2.50e-01h  3
 142  1.5289067e-01 4.75e-05 4.67e-02  -4.0 4.02e-02   0.1 1.00e+00 1.00e+00h  1
 143  1.5002823e-01 3.65e-06 1.12e-03  -4.0 2.83e-03  -0.4 1.00e+00 1.00e+00h  1
 144  1.4845329e-01 8.27e-06 5.54e-04  -4.0 4.26e-03  -0.9 1.00e+00 1.00e+00h  1
 145  1.4703226e-01 1.81e-05 2.70e-04  -4.0 6.22e-03  -1.4 1.00e+00 1.00e+00h  1
 146  1.3260867e-01 2.44e-04 1.28e+02  -4.0 3.93e+01    -  6.35e-02 5.63e-04h  8
 147  1.1431864e-01 6.31e-02 1.13e+02  -4.0 3.06e+00    -  1.00e+00 1.17e-01h  4
 148  1.2683909e-01 6.21e-02 1.67e+01  -4.0 1.36e-01  -0.9 1.00e+00 1.56e-02h  7
 149  1.3195713e-01 3.10e-02 8.37e+00  -4.0 6.00e-02  -0.5 1.00e+00 5.00e-01h  2
iter    objective    inf_pr   inf_du lg(mu)  ||d||  lg(rg) alpha_du alpha_pr  ls
 150  1.3141059e-01 5.29e-05 4.43e-03  -4.0 3.08e-02  -1.0 1.00e+00 1.00e+00h  1
 151  1.1678646e-01 3.62e-04 1.27e+02  -4.0 1.07e-01    -  1.00e+00 2.50e-01h  3
 152  1.1134415e-01 4.05e-04 3.17e+01  -4.0 1.02e-01    -  1.00e+00 2.50e-01h  3
 153  1.3102491e-01 6.02e-06 1.78e-03  -4.0 3.80e-03  -0.6 1.00e+00 1.00e+00h  1
 154  1.0116445e-01 1.66e-03 1.28e+02  -4.0 1.88e+00    -  1.00e+00 3.12e-02h  6
 155  9.7334410e-02 1.89e-03 8.02e+00  -4.0 5.29e-01    -  1.00e+00 6.25e-02h  5
 156  1.2704571e-01 2.84e-05 9.24e-04  -4.0 7.76e-03  -1.0 1.00e+00 1.00e+00h  1
 157  1.0431036e-01 3.41e-04 1.27e+02  -4.0 8.34e-01    -  1.00e+00 3.12e-02h  6
 158  9.7448523e-02 3.99e-04 1.59e+01  -4.0 2.06e-01    -  1.00e+00 1.25e-01h  4
 159  1.2897160e-01 6.82e-06 9.30e-04  -4.0 3.85e-03  -0.6 1.00e+00 1.00e+00h  1
iter    objective    inf_pr   inf_du lg(mu)  ||d||  lg(rg) alpha_du alpha_pr  ls
 160  1.2850045e-01 1.57e-05 9.64e-04  -4.0 3.40e+00    -  8.63e-01 1.64e-03h 10
 161  1.2704431e-01 7.75e-05 9.55e-04  -4.0 3.37e+00    -  1.00e+00 3.30e-03h  9
 162  1.2586959e-01 1.33e-04 9.56e-04  -4.0 2.71e+00    -  1.00e+00 3.91e-03h  9
 163  1.2474914e-01 1.87e-04 9.49e-04  -4.0 2.67e+00    -  1.00e+00 3.91e-03h  9
 164  9.4242079e-02 3.19e-03 1.25e+02  -4.0 2.49e+00    -  1.00e+00 3.12e-02h  6
 165  9.1350846e-02 4.91e-03 7.81e+00  -4.0 1.16e+00    -  1.00e+00 6.25e-02h  5
 166  1.2120082e-01 4.71e-05 1.18e-03  -4.0 9.79e-03  -1.1 1.00e+00 1.00e+00h  1
 167  1.0487546e-01 2.05e-04 1.11e-03  -4.0 3.27e-01    -  1.00e+00 6.25e-02h  5
 168  9.1509937e-02 3.90e-04 1.23e+02  -4.0 3.23e-01    -  1.00e+00 6.25e-02h  5
 169  9.1483625e-02 3.81e-04 3.84e+00  -4.0 1.36e-01    -  1.00e+00 3.12e-02h  6
iter    objective    inf_pr   inf_du lg(mu)  ||d||  lg(rg) alpha_du alpha_pr  ls
 170  1.1693135e-01 8.46e-05 8.24e-04  -4.0 1.31e-02  -1.6 1.00e+00 1.00e+00h  1
 171  1.1164534e-01 1.02e-04 8.04e-04  -4.0 1.23e+01    -  2.08e-01 9.13e-04h  9
 172  1.1022853e-01 1.07e-04 8.08e-04  -4.0 1.31e+01    -  6.05e-01 4.27e-04h 10
 173  1.0991133e-01 1.08e-04 8.08e-04  -4.0 3.85e+00    -  1.00e+00 7.21e-04h 11
 174  1.0967441e-01 1.09e-04 8.08e-04  -4.0 2.56e+00    -  1.00e+00 9.77e-04h 11
 175  1.0957615e-01 1.09e-04 8.08e-04  -4.0 3.18e+00    -  8.29e-01 4.36e-04h 12
 176  9.7484317e-02 3.34e-04 8.80e+01  -4.0 2.88e+00    -  1.00e+00 7.70e-03h  8
 177  9.6103043e-02 1.42e-02 1.10e+01  -4.0 1.39e+00    -  1.00e+00 1.25e-01h  4
 178  1.0645915e-01 5.16e-05 3.34e-03  -4.0 1.42e-02  -1.1 1.00e+00 1.00e+00h  1
 179  9.7118729e-02 2.39e-04 2.61e-03  -4.0 8.91e-02    -  1.00e+00 2.50e-01h  3
iter    objective    inf_pr   inf_du lg(mu)  ||d||  lg(rg) alpha_du alpha_pr  ls
 180  9.4827211e-02 2.81e-04 2.32e-03  -4.0 9.66e-02    -  1.00e+00 1.25e-01h  4
 181  9.4910022e-02 2.83e-04 8.70e+01  -4.0 9.94e-02    -  1.00e+00 6.25e-02h  5
 182  9.5809283e-02 2.65e-04 5.44e+00  -4.0 7.33e-02    -  1.00e+00 6.25e-02h  5
 183  1.0985577e-01 9.78e-07 2.79e-04  -4.0 1.46e-03  -0.7 1.00e+00 1.00e+00h  1
 184  9.6339611e-02 1.32e-04 2.72e-04  -4.0 2.10e+00    -  1.00e+00 7.81e-03h  8
 185  9.2982261e-02 1.63e-04 2.70e-04  -4.0 2.08e+00    -  1.00e+00 3.91e-03h  9
 186  9.0530377e-02 1.88e-04 8.82e+01  -4.0 1.84e+00    -  1.00e+00 3.91e-03h  9
 187  9.0482832e-02 2.40e-04 1.38e+00  -4.0 6.79e-01    -  1.00e+00 1.56e-02h  7
 188  1.0851653e-01 5.41e-06 2.10e-04  -4.0 3.29e-03  -1.2 1.00e+00 1.00e+00h  1
 189  1.0410368e-01 7.65e-05 2.15e-04  -4.0 7.93e-01    -  1.00e+00 1.56e-02h  7
iter    objective    inf_pr   inf_du lg(mu)  ||d||  lg(rg) alpha_du alpha_pr  ls
 190  1.0289023e-01 9.49e-05 2.14e-04  -4.0 7.93e-01    -  1.00e+00 7.81e-03h  8
 191  1.0168742e-01 1.13e-04 2.12e-04  -4.0 7.86e-01    -  1.00e+00 7.81e-03h  8
 192  1.0158304e-01 1.14e-04 2.12e-04  -4.0 7.85e-01    -  1.00e+00 1.95e-03h 10
 193  1.0154744e-01 1.14e-04 2.11e-04  -4.0 7.85e-01    -  1.00e+00 9.77e-04h 11
 194  9.4748037e-02 4.08e-04 1.27e+02  -4.0 7.84e-01    -  1.00e+00 3.12e-02h  6
 195  9.0640267e-02 4.30e-03 3.19e+01  -4.0 3.67e-01    -  1.00e+00 2.50e-01h  3
 196  1.1057989e-01 6.64e-07 5.74e-03  -4.0 4.20e-03   0.1 1.00e+00 1.00e+00h  1
 197  9.3154635e-02 1.54e-03 8.92e+01  -4.0 6.21e-02    -  1.00e+00 1.00e+00h  1
 198  9.2287911e-02 2.78e-03 5.57e+00  -4.0 1.15e+00    -  1.00e+00 6.25e-02h  5
 199  1.0396322e-01 2.45e-07 1.33e-03  -4.0 2.86e-03  -0.3 1.00e+00 1.00e+00h  1
iter    objective    inf_pr   inf_du lg(mu)  ||d||  lg(rg) alpha_du alpha_pr  ls
 200  1.0127571e-01 5.40e-04 3.90e-04  -4.0 3.41e-02    -  1.00e+00 1.00e+00h  1

Number of Iterations....: 200

                                   (scaled)                 (unscaled)
Objective...............:   4.1484472743037369e-02    1.0127571162771516e-01
Dual infeasibility......:   3.8959023835431522e-04    9.5110353401241265e-04
Constraint violation....:   5.3952908690846346e-04    5.3952908690846346e-04
Variable bound violation:   0.0000000000000000e+00    0.0000000000000000e+00
Complementarity.........:   1.0000000000402383e-04    2.4412920048209638e-04
Overall NLP error.......:   5.3952908690846346e-04    9.5110353401241265e-04


Number of objective function evaluations             = 829
Number of objective gradient evaluations             = 201
Number of equality constraint evaluations            = 829
Number of inequality constraint evaluations          = 829
Number of equality constraint Jacobian evaluations   = 201
Number of inequality constraint Jacobian evaluations = 201
Number of Lagrangian Hessian evaluations             = 200
Total seconds in IPOPT                               = 548.734

EXIT: Maximum Number of Iterations Exceeded.