This is Ipopt version 3.14.13, running with linear solver MUMPS 5.6.0.

Number of nonzeros in equality constraint Jacobian...:  2027032
Number of nonzeros in inequality constraint Jacobian.:        0
Number of nonzeros in Lagrangian Hessian.............:   676424

Total number of variables............................:    47001
                     variables with only lower bounds:        0
                variables with lower and upper bounds:      999
                     variables with only upper bounds:        0
Total number of equality constraints.................:    46002
Total number of inequality constraints...............:        0
        inequality constraints with only lower bounds:        0
   inequality constraints with lower and upper bounds:        0
        inequality constraints with only upper bounds:        0

iter    objective    inf_pr   inf_du lg(mu)  ||d||  lg(rg) alpha_du alpha_pr  ls
   0  1.2627975e+02 1.44e+00 5.62e-01  -1.0 0.00e+00    -  0.00e+00 0.00e+00   0
   1  1.1607407e+02 2.47e-01 1.40e+02  -1.0 1.14e+00   0.0 8.27e-01 1.00e+00h  1
   2  1.0132747e+02 7.25e-03 8.73e-01  -1.0 3.08e-01   0.4 1.00e+00 1.00e+00h  1
   3  1.0082611e+02 1.61e-03 5.21e-02  -1.7 5.69e-02  -0.1 1.00e+00 1.00e+00h  1
   4  1.0052544e+02 2.44e-03 1.57e+02  -2.5 7.10e-02  -0.5 1.00e+00 1.00e+00h  1
   5  1.0063466e+02 3.58e-05 1.56e+02  -2.5 7.39e-02  -1.0 1.00e+00 1.00e+00H  1
   6  1.0051046e+02 2.34e-04 4.61e-02  -2.5 2.16e-02   0.3 1.00e+00 1.00e+00h  1
   7  1.0042031e+02 2.52e-04 1.56e-02  -2.5 2.27e-02  -0.2 1.00e+00 1.00e+00h  1
   8  1.0033436e+02 5.53e-04 7.86e-03  -3.8 3.50e-02  -0.6 1.00e+00 1.00e+00h  1
   9  1.0025799e+02 1.78e-03 4.64e-03  -3.8 6.23e-02  -1.1 1.00e+00 1.00e+00h  1
iter    objective    inf_pr   inf_du lg(mu)  ||d||  lg(rg) alpha_du alpha_pr  ls
  10  1.0013529e+02 7.62e-03 3.10e-03  -3.8 1.27e-01  -1.6 1.00e+00 1.00e+00h  1
  11  1.0002980e+02 1.45e-02 1.46e-03  -3.8 1.72e-01  -2.1 1.00e+00 1.00e+00h  1
  12  1.0000193e+02 9.56e-03 1.56e+02  -3.8 1.40e-01  -2.5 1.00e+00 1.00e+00h  1
  13  1.0000040e+02 8.67e-04 1.56e+02  -3.8 4.19e-02  -3.0 1.00e+00 1.00e+00h  1
  14  1.0000043e+02 8.39e-09 1.72e-03  -3.8 8.70e-04   0.1 1.00e+00 1.00e+00h  1
  15  1.0000041e+02 9.43e-08 1.91e-04  -3.8 4.36e-04  -0.4 1.00e+00 1.00e+00h  1
  16  1.0000036e+02 1.34e-10 1.64e-04  -4.0 1.12e-03  -0.8 1.00e+00 1.00e+00H  1
  17  1.0000026e+02 1.73e-09 1.14e-04  -4.0 2.32e-03  -1.3 1.00e+00 1.00e+00H  1
  18  1.0000016e+02 8.64e-09 5.46e-05  -4.0 3.23e-03  -1.8 1.00e+00 1.00e+00H  1
  19  1.0000009e+02 4.69e-10 2.39e-05  -4.0 4.01e-03  -2.3 1.00e+00 1.00e+00H  1
iter    objective    inf_pr   inf_du lg(mu)  ||d||  lg(rg) alpha_du alpha_pr  ls
  20  1.0000005e+02 7.94e-09 1.91e-05  -4.0 7.53e-03  -2.7 1.00e+00 1.00e+00H  1
  21  1.0000004e+02 7.52e-05 1.56e+02  -4.0 1.23e-02  -3.2 1.00e+00 1.00e+00h  1
  22  1.0000003e+02 1.00e-04 1.56e+02  -4.0 1.42e-02  -3.7 1.00e+00 1.00e+00h  1
  23  1.0000002e+02 4.53e-10 2.45e-04  -4.0 1.00e-04   0.3 1.00e+00 1.00e+00h  1
  24  1.0000002e+02 1.19e-10 6.09e-06  -4.0 8.34e-06  -0.1 1.00e+00 1.00e+00h  1
  25  1.0000002e+02 3.34e-10 5.07e-06  -4.0 2.08e-05  -0.6 1.00e+00 1.00e+00h  1
  26  1.0000002e+02 1.73e-09 4.77e-06  -4.0 5.88e-05  -1.1 1.00e+00 1.00e+00h  1
  27  1.0000002e+02 1.24e-08 4.26e-06  -4.0 1.58e-04  -1.6 1.00e+00 1.00e+00h  1
  28  1.0000002e+02 8.66e-08 3.75e-06  -4.0 4.16e-04  -2.0 1.00e+00 1.00e+00h  1
  29  1.0000002e+02 6.70e-07 3.48e-06  -4.0 1.16e-03  -2.5 1.00e+00 1.00e+00h  1
iter    objective    inf_pr   inf_du lg(mu)  ||d||  lg(rg) alpha_du alpha_pr  ls
  30  1.0000002e+02 4.54e-06 4.61e-06  -4.0 3.01e-03  -3.0 1.00e+00 1.00e+00h  1
  31  1.0000002e+02 2.31e-05 1.57e+02  -4.0 6.80e-03  -3.5 1.00e+00 1.00e+00h  1
  32  1.0000001e+02 1.66e-04 1.57e+02  -4.0 1.84e-02  -4.0 1.00e+00 1.00e+00h  1
  33  1.0000001e+02 1.08e-09 4.31e-04  -4.0 1.66e-04   0.1 1.00e+00 1.00e+00h  1
  34  1.0000001e+02 1.93e-10 5.18e-06  -4.0 1.28e-05  -0.4 1.00e+00 1.00e+00h  1
  35  1.0000001e+02 4.98e-10 4.28e-06  -4.0 3.17e-05  -0.9 1.00e+00 1.00e+00h  1
  36  1.0000001e+02 3.35e-09 3.72e-06  -4.0 8.27e-05  -1.3 1.00e+00 1.00e+00h  1
  37  1.0000001e+02 1.69e-08 2.79e-06  -4.0 1.86e-04  -1.8 1.00e+00 1.00e+00h  1
  38  1.0000001e+02 9.17e-08 2.16e-06  -4.0 4.33e-04  -2.3 1.00e+00 1.00e+00h  1
  39  1.0000001e+02 7.32e-07 2.03e-06  -4.0 1.22e-03  -2.8 1.00e+00 1.00e+00h  1
iter    objective    inf_pr   inf_du lg(mu)  ||d||  lg(rg) alpha_du alpha_pr  ls
  40  1.0000001e+02 6.50e-06 1.57e+02  -4.0 3.64e-03  -3.3 1.00e+00 1.00e+00h  1
  41  1.0000001e+02 4.70e-05 1.57e+02  -4.0 9.78e-03  -3.7 1.00e+00 1.00e+00h  1
  42  1.0000001e+02 3.10e-10 1.23e-04  -4.0 4.67e-05   0.3 1.00e+00 1.00e+00h  1
  43  1.0000001e+02 9.46e-11 4.13e-06  -4.0 6.13e-06  -0.2 1.00e+00 1.00e+00h  1
  44  1.0000001e+02 2.69e-10 3.92e-06  -4.0 1.74e-05  -0.6 1.00e+00 1.00e+00h  1
  45  1.0000001e+02 1.16e-09 3.64e-06  -4.0 4.85e-05  -1.1 1.00e+00 1.00e+00h  1
  46  1.0000001e+02 6.68e-09 2.91e-06  -4.0 1.17e-04  -1.6 1.00e+00 1.00e+00h  1
  47  1.0000001e+02 3.38e-08 2.18e-06  -4.0 2.62e-04  -2.1 1.00e+00 1.00e+00h  1
  48  1.0000001e+02 2.32e-07 1.91e-06  -4.0 6.87e-04  -2.6 1.00e+00 1.00e+00h  1
  49  1.0000001e+02 2.03e-06 2.75e-06  -4.0 2.03e-03  -3.0 1.00e+00 1.00e+00h  1
iter    objective    inf_pr   inf_du lg(mu)  ||d||  lg(rg) alpha_du alpha_pr  ls
  50  1.0000001e+02 1.74e-05 1.57e+02  -4.0 5.94e-03  -3.5 1.00e+00 1.00e+00h  1
  51  1.0000000e+02 1.19e-04 1.57e+02  -4.0 1.55e-02  -4.0 1.00e+00 1.00e+00h  1
  52  1.0000000e+02 6.46e-10 3.03e-04  -4.0 1.19e-04   0.1 1.00e+00 1.00e+00h  1
  53  1.0000000e+02 1.57e-10 3.84e-06  -4.0 1.02e-05  -0.4 1.00e+00 1.00e+00h  1
  54  1.0000000e+02 4.13e-10 3.33e-06  -4.0 2.67e-05  -0.9 1.00e+00 1.00e+00h  1
  55  1.0000001e+02 1.61e-05 1.57e+02  -4.0 1.82e-01    -  1.00e+00 3.12e-02h  6
  56  1.0000002e+02 1.12e-02 7.83e+01  -4.0 3.00e-01    -  1.00e+00 5.00e-01h  2
  57  1.0000002e+02 1.12e-02 7.82e+01  -4.0 1.04e-02  -1.4 1.00e+00 9.77e-04h 11
  58  1.0000002e+02 1.12e-02 7.82e+01  -4.0 1.12e-02  -1.9 1.00e+00 4.88e-04h 12
  59  1.0000002e+02 1.12e-02 7.81e+01  -4.0 1.03e-02  -1.4 1.00e+00 2.44e-04h 13
iter    objective    inf_pr   inf_du lg(mu)  ||d||  lg(rg) alpha_du alpha_pr  ls
  60  1.0000002e+02 1.12e-02 7.81e+01  -4.0 1.20e-02  -1.9 1.00e+00 1.22e-04h 14
  61  1.0000002e+02 1.12e-02 7.81e+01  -4.0 1.03e-02  -1.5 1.00e+00 6.10e-05h 15
  62  1.0000146e+02 8.32e-05 1.63e-02  -4.0 1.29e-02  -2.0 1.00e+00 1.00e+00h  1
  63  1.0000101e+02 1.70e-04 1.56e+02  -4.0 1.85e-02  -2.4 1.00e+00 1.00e+00h  1
  64  1.0000067e+02 1.07e-04 1.56e+02  -4.0 1.46e-02  -2.9 1.00e+00 1.00e+00h  1
  65  1.0000078e+02 4.01e-09 2.51e-04  -4.0 1.07e-04   0.2 1.00e+00 1.00e+00h  1
  66  1.0000076e+02 5.17e-08 1.78e-04  -4.0 3.22e-04  -0.3 1.00e+00 1.00e+00h  1
  67  1.0000071e+02 4.03e-07 1.66e-04  -4.0 9.00e-04  -0.7 1.00e+00 1.00e+00h  1
  68  1.0000058e+02 2.43e-06 1.37e-04  -4.0 2.21e-03  -1.2 1.00e+00 1.00e+00h  1
  69  1.0000037e+02 8.32e-06 8.63e-05  -4.0 4.09e-03  -1.7 1.00e+00 1.00e+00h  1
iter    objective    inf_pr   inf_du lg(mu)  ||d||  lg(rg) alpha_du alpha_pr  ls
  70  1.0000016e+02 1.44e-05 3.98e-05  -4.0 5.37e-03  -2.2 1.00e+00 1.00e+00h  1
  71  1.0000002e+02 3.99e-05 2.49e-05  -4.0 8.93e-03  -2.6 1.00e+00 1.00e+00h  1
  72  1.0000002e+02 2.57e-05 1.56e+02  -4.0 7.17e-03  -3.1 1.00e+00 1.00e+00h  1
  73  1.0000001e+02 8.83e-06 1.56e+02  -4.0 4.20e-03  -3.6 1.00e+00 1.00e+00h  1
  74  1.0000001e+02 8.78e-11 2.37e-05  -4.0 8.87e-06   0.4 1.00e+00 1.00e+00h  1
  75  1.0000001e+02 3.11e-10 1.86e-05  -4.0 2.02e-05  -0.0 1.00e+00 1.00e+00h  1
  76  1.0000001e+02 1.70e-09 1.79e-05  -4.0 5.84e-05  -0.5 1.00e+00 1.00e+00h  1
  77  1.0000001e+02 1.24e-08 1.61e-05  -4.0 1.57e-04  -1.0 1.00e+00 1.00e+00h  1
  78  1.0000001e+02 6.39e-08 1.22e-05  -4.0 3.58e-04  -1.5 1.00e+00 1.00e+00h  1
  79  1.0000001e+02 1.79e-07 6.86e-06  -4.0 5.98e-04  -1.9 1.00e+00 1.00e+00h  1
iter    objective    inf_pr   inf_du lg(mu)  ||d||  lg(rg) alpha_du alpha_pr  ls
  80  1.0000000e+02 3.99e-07 3.51e-06  -4.0 8.94e-04  -2.4 1.00e+00 1.00e+00h  1
  81  1.0000000e+02 9.86e-07 1.88e-06  -4.0 1.41e-03  -2.9 1.00e+00 1.00e+00h  1
  82  1.0000000e+02 3.40e-06 3.61e-06  -4.0 2.61e-03  -3.4 1.00e+00 1.00e+00h  1
  83  1.0000001e+02 2.20e-05 1.56e+02  -4.0 6.65e-03  -3.9 1.00e+00 1.00e+00h  1
  84  1.0000001e+02 1.53e-04 1.56e+02  -4.0 1.75e-02  -4.3 1.00e+00 1.00e+00h  1
  85  1.0000000e+02 5.79e-10 6.19e-04  -4.0 1.53e-04   0.6 1.00e+00 1.00e+00h  1
  86  1.0000000e+02 1.05e-10 9.02e-06  -4.0 6.61e-06   0.1 1.00e+00 1.00e+00h  1
  87  1.0000000e+02 1.64e-10 4.83e-06  -4.0 1.06e-05  -0.3 1.00e+00 1.00e+00h  1
  88  1.0000000e+02 4.29e-10 4.15e-06  -4.0 2.74e-05  -0.8 1.00e+00 1.00e+00h  1
  89  1.0000000e+02 2.26e-09 3.40e-06  -4.0 6.73e-05  -1.3 1.00e+00 1.00e+00h  1
iter    objective    inf_pr   inf_du lg(mu)  ||d||  lg(rg) alpha_du alpha_pr  ls
  90  1.0000000e+02 7.72e-09 2.09e-06  -4.0 1.24e-04  -1.8 1.00e+00 1.00e+00h  1
  91  1.0000000e+02 2.32e-08 1.21e-06  -4.0 2.15e-04  -2.3 1.00e+00 1.00e+00h  1
  92  1.0000000e+02 1.18e-07 9.10e-07  -4.0 4.86e-04  -2.7 1.00e+00 1.00e+00h  1
  93  1.0000000e+02 9.68e-07 1.86e-06  -4.0 1.39e-03  -3.2 1.00e+00 1.00e+00h  1
  94  1.0000000e+02 7.35e-06 1.56e+02  -4.0 3.84e-03  -3.7 1.00e+00 1.00e+00h  1
  95  1.0000000e+02 3.61e-05 1.56e+02  -4.0 8.50e-03  -4.2 1.00e+00 1.00e+00h  1
  96  1.0000000e+02 2.24e-10 9.07e-05  -4.0 3.61e-05  -0.1 1.00e+00 1.00e+00h  1
  97  1.0000000e+02 2.81e-10 4.47e-06  -4.0 1.77e-05  -0.6 1.00e+00 1.00e+00h  1
  98  1.0000000e+02 3.39e-10 1.86e-06  -4.0 2.21e-05  -1.1 1.00e+00 1.00e+00h  1
  99  1.0000000e+02 1.37e-09 1.47e-06  -4.0 5.24e-05  -1.6 1.00e+00 1.00e+00h  1
iter    objective    inf_pr   inf_du lg(mu)  ||d||  lg(rg) alpha_du alpha_pr  ls
 100  1.0000000e+02 5.82e-09 1.01e-06  -4.0 1.08e-04  -2.0 1.00e+00 1.00e+00h  1
 101  1.0000000e+02 3.53e-08 8.28e-07  -4.0 2.66e-04  -2.5 1.00e+00 1.00e+00h  1
 102  1.0000000e+02 2.93e-07 1.01e-06  -4.0 7.66e-04  -3.0 1.00e+00 1.00e+00h  1
 103  1.0000000e+02 2.35e-06 2.94e-06  -4.0 2.17e-03  -3.5 1.00e+00 1.00e+00h  1
 104  1.0000000e+02 1.86e-06 1.14e-05  -4.0 5.62e-03  -3.9 1.00e+00 1.00e+00H  1
 105  1.0000000e+02 5.34e-06 1.56e+02  -4.0 1.32e-02  -4.4 1.00e+00 2.50e-01h  3
 106  1.0000000e+02 6.78e-05 7.82e+01  -4.0 2.32e-02  -4.9 1.00e+00 5.00e-01h  2
 107  1.0000000e+02 6.73e-09 1.45e-04  -4.0 1.16e-04  -1.8 1.00e+00 1.00e+00h  1
 108  1.0000000e+02 9.75e-09 8.16e-07  -4.0 1.40e-04  -2.2 1.00e+00 1.00e+00h  1
 109  1.0000000e+02 5.21e-08 6.31e-07  -4.0 3.23e-04  -2.7 1.00e+00 1.00e+00h  1
iter    objective    inf_pr   inf_du lg(mu)  ||d||  lg(rg) alpha_du alpha_pr  ls
 110  1.0000000e+02 3.46e-07 1.10e-06  -4.0 8.33e-04  -3.2 1.00e+00 1.00e+00h  1
 111  1.0000000e+02 1.58e-07 3.23e-06  -4.0 2.40e-03  -3.7 1.00e+00 1.00e+00H  1
 112  1.0000000e+02 3.43e-07 1.56e+02  -4.0 6.02e-03  -4.1 1.00e+00 1.25e-01h  4
 113  1.0000000e+02 3.46e-07 9.78e+00  -4.0 1.14e-02  -4.6 1.00e+00 6.25e-02h  5
 114  1.0000000e+02 3.59e-08 2.10e-04  -4.0 1.32e-03  -3.3 1.00e+00 1.00e+00H  1
 115  1.0000000e+02 2.60e-07 1.56e+02  -4.0 2.61e-03  -3.8 1.00e+00 1.00e+00H  1
 116  1.0000000e+02 5.43e-06 1.48e-02  -4.0 5.35e-03  -4.2 1.00e+00 1.00e+00H  1
 117  1.0000000e+02 1.14e-10 1.56e+02  -4.0 1.67e-05  -0.2 1.00e+00 1.00e+00h  1
 118  1.0000000e+02 5.87e-11 8.53e-06  -4.0 3.67e-06   0.2 1.00e+00 1.00e+00h  1
 119  1.0000000e+02 2.65e-11 1.02e-06  -4.0 1.84e-06  -0.3 1.00e+00 1.00e+00h  1
iter    objective    inf_pr   inf_du lg(mu)  ||d||  lg(rg) alpha_du alpha_pr  ls
 120  1.0000000e+02 5.36e-11 6.39e-07  -4.0 3.47e-06  -0.7 1.00e+00 1.00e+00h  1
 121  1.0000000e+02 2.52e-07 1.56e+02  -4.0 9.41e-02    -  1.00e+00 7.81e-03h  8
 122  1.0000000e+02 1.22e-10 1.56e+02  -4.0 7.95e-06  -1.2 1.00e+00 1.00e+00h  1
 123  1.0000000e+02 1.32e-11 2.13e-06  -4.0 9.09e-07   0.1 1.00e+00 1.00e+00h  1
 124  1.0000000e+02 2.26e-11 6.28e-07  -4.0 1.44e-06  -0.4 1.00e+00 1.00e+00h  1
 125  1.0000000e+02 6.66e-11 6.14e-07  -4.0 4.22e-06  -0.8 1.00e+00 1.00e+00h  1
 126  1.0000000e+02 1.93e-10 5.89e-07  -4.0 1.21e-05  -1.3 1.00e+00 1.00e+00h  1
 127  1.0000000e+02 5.63e-10 5.43e-07  -4.0 3.36e-05  -1.8 1.00e+00 1.00e+00h  1
 128  1.0000000e+02 4.12e-09 4.89e-07  -4.0 9.08e-05  -2.3 1.00e+00 1.00e+00h  1
 129  1.0000000e+02 3.21e-08 4.56e-07  -4.0 2.53e-04  -2.7 1.00e+00 1.00e+00h  1
iter    objective    inf_pr   inf_du lg(mu)  ||d||  lg(rg) alpha_du alpha_pr  ls
 130  1.0000000e+02 2.65e-07 9.63e-07  -4.0 7.28e-04  -3.2 1.00e+00 1.00e+00h  1
 131  1.0000000e+02 1.20e-07 2.71e-06  -4.0 2.04e-03  -3.7 1.00e+00 1.00e+00H  1
 132  1.0000000e+02 2.57e-07 1.56e+02  -4.0 5.14e-03  -4.2 1.00e+00 1.25e-01h  4
 133  1.0000000e+02 8.82e-07 1.96e+01  -4.0 1.06e-02  -4.7 1.00e+00 1.25e-01h  4
 134  1.0000000e+02 5.54e-09 3.35e-05  -4.0 1.05e-04  -2.4 1.00e+00 1.00e+00h  1
 135  1.0000000e+02 4.79e-08 4.08e-07  -4.0 3.10e-04  -2.9 1.00e+00 1.00e+00h  1
 136  1.0000000e+02 4.03e-07 1.57e+02  -4.0 8.98e-04  -3.4 1.00e+00 1.00e+00h  1
 137  1.0000000e+02 2.81e-07 5.15e-03  -4.0 2.00e-03  -3.9 1.00e+00 1.00e+00H  1
 138  1.0000000e+02 7.68e-12 1.57e+02  -4.0 4.95e-07   0.2 1.00e+00 1.00e+00h  1
 139  1.0000000e+02 1.85e-12 5.62e-07  -4.0 1.32e-07   0.6 1.00e+00 1.00e+00h  1
iter    objective    inf_pr   inf_du lg(mu)  ||d||  lg(rg) alpha_du alpha_pr  ls
 140  1.0000000e+02 4.77e-12 4.04e-07  -4.0 2.97e-07   0.1 1.00e+00 1.00e+00h  1
 141  1.0000000e+02 1.42e-11 4.02e-07  -4.0 8.85e-07  -0.3 1.00e+00 1.00e+00h  1
 142  1.0000000e+02 4.25e-11 4.00e-07  -4.0 2.65e-06  -0.8 1.00e+00 1.00e+00h  1
 143  1.0000000e+02 1.28e-10 4.01e-07  -4.0 7.95e-06  -1.3 1.00e+00 1.00e+00h  1
 144  1.0000000e+02 3.83e-10 4.02e-07  -4.0 2.39e-05  -1.8 1.00e+00 1.00e+00h  1
 145  1.0000000e+02 2.54e-09 3.99e-07  -4.0 7.12e-05  -2.3 1.00e+00 1.00e+00h  1
 146  1.0000000e+02 2.17e-08 3.89e-07  -4.0 2.08e-04  -2.7 1.00e+00 1.00e+00h  1
 147  1.0000000e+02 1.79e-07 1.57e+02  -4.0 5.99e-04  -3.2 1.00e+00 1.00e+00h  1
 148  1.0000000e+02 3.78e-09 1.57e+02  -4.0 1.33e-03  -3.7 1.00e+00 1.00e+00H  1
 149  1.0000000e+02 2.90e-12 4.87e-07  -4.0 1.79e-07   0.4 1.00e+00 1.00e+00h  1
iter    objective    inf_pr   inf_du lg(mu)  ||d||  lg(rg) alpha_du alpha_pr  ls
 150  1.0000000e+02 8.51e-12 4.00e-07  -4.0 5.29e-07  -0.1 1.00e+00 1.00e+00h  1
 151  1.0000000e+02 4.27e-08 1.57e+02  -4.0 8.51e-02    -  1.00e+00 3.91e-03h  9
 152  1.0000000e+02 2.35e-11 1.57e+02  -4.0 1.49e-06  -0.6 1.00e+00 1.00e+00h  1
 153  1.0000000e+02 3.19e-11 4.92e-06  -4.0 1.96e-06  -0.2 1.00e+00 1.00e+00h  1
 154  1.0000000e+02 4.22e-08 1.57e+02  -4.0 8.50e-02    -  1.00e+00 3.91e-03h  9
 155  1.0000000e+02 2.65e-11 1.57e+02  -4.0 1.67e-06  -0.7 1.00e+00 1.00e+00h  1
 156  1.0000000e+02 2.22e-10 3.18e-05  -4.0 1.41e-05  -0.2 1.00e+00 1.00e+00h  1
 157  1.0000000e+02 1.10e-10 1.37e-06  -4.0 6.89e-06  -0.7 1.00e+00 1.00e+00h  1
 158  1.0000000e+02 1.26e-14 3.99e-07  -4.0 6.02e-06  -1.2 1.00e+00 1.00e+00H  1
 159  1.0000000e+02 2.86e-10 3.96e-07  -4.0 1.79e-05  -1.7 1.00e+00 1.00e+00h  1
iter    objective    inf_pr   inf_du lg(mu)  ||d||  lg(rg) alpha_du alpha_pr  ls
 160  1.0000000e+02 1.42e-09 3.92e-07  -4.0 5.32e-05  -2.1 1.00e+00 1.00e+00h  1
 161  1.0000000e+02 1.21e-08 3.83e-07  -4.0 1.56e-04  -2.6 1.00e+00 1.00e+00h  1
 162  1.0000000e+02 1.00e-07 5.90e-07  -4.0 4.48e-04  -3.1 1.00e+00 1.00e+00h  1
 163  1.0000000e+02 2.62e-08 1.66e-06  -4.0 1.25e-03  -3.6 1.00e+00 1.00e+00H  1
 164  1.0000000e+02 1.17e-06 1.57e+02  -4.0 3.27e-03  -4.0 1.00e+00 1.00e+00H  1
 165  1.0000000e+02 1.24e-06 1.22e+00  -4.0 1.93e-01    -  1.00e+00 7.81e-03h  8
 166  1.0000000e+02 6.96e-07 1.57e+02  -4.0 1.18e-03  -3.6 1.00e+00 1.00e+00h  1
 167  1.0000000e+02 4.01e-07 6.62e-03  -4.0 2.80e-03  -4.1 1.00e+00 1.00e+00H  1
 168  1.0000000e+02 1.46e-11 1.57e+02  -4.0 1.25e-06  -0.1 1.00e+00 1.00e+00h  1
 169  1.0000000e+02 5.22e-12 8.46e-07  -4.0 3.54e-07   0.4 1.00e+00 1.00e+00h  1
iter    objective    inf_pr   inf_du lg(mu)  ||d||  lg(rg) alpha_du alpha_pr  ls
 170  1.0000000e+02 2.83e-08 1.57e+02  -4.0 8.16e-02    -  1.00e+00 3.91e-03h  9
 171  1.0000000e+02 9.61e-12 1.57e+02  -4.0 6.66e-07  -0.1 1.00e+00 1.00e+00h  1
 172  1.0000000e+02 7.07e-12 1.07e-06  -4.0 4.83e-07   0.3 1.00e+00 1.00e+00h  1
 173  1.0000000e+02 7.61e-12 3.77e-07  -4.0 5.40e-07  -0.2 1.00e+00 1.00e+00h  1
 174  1.0000000e+02 2.24e-11 3.32e-07  -4.0 1.43e-06  -0.6 1.00e+00 1.00e+00h  1
 175  1.0000000e+02 2.82e-08 1.57e+02  -4.0 8.15e-02    -  1.00e+00 3.91e-03h  9
 176  1.0000000e+02 5.75e-11 1.57e+02  -4.0 3.73e-06  -1.1 1.00e+00 1.00e+00h  1
 177  1.0000000e+02 5.32e-12 8.39e-07  -4.0 3.87e-07   0.2 1.00e+00 1.00e+00h  1
 178  1.0000000e+02 9.53e-12 3.37e-07  -4.0 6.12e-07  -0.3 1.00e+00 1.00e+00h  1
 179  1.0000000e+02 2.79e-08 1.57e+02  -4.0 8.16e-02    -  1.00e+00 3.91e-03h  9
iter    objective    inf_pr   inf_du lg(mu)  ||d||  lg(rg) alpha_du alpha_pr  ls
 180  1.0000000e+02 4.32e-08 6.11e-01  -4.0 1.04e-01    -  1.00e+00 3.91e-03h  9
 181  1.0000000e+02 2.80e-11 3.28e-07  -4.0 1.78e-06  -0.7 1.00e+00 1.00e+00h  1
 182  1.0000000e+02 8.34e-11 3.23e-07  -4.0 5.26e-06  -1.2 1.00e+00 1.00e+00h  1
 183  1.0000000e+02 2.43e-10 3.08e-07  -4.0 1.51e-05  -1.7 1.00e+00 1.00e+00h  1
 184  1.0000000e+02 9.29e-10 2.93e-07  -4.0 4.31e-05  -2.2 1.00e+00 1.00e+00h  1
 185  1.0000000e+02 7.65e-09 2.81e-07  -4.0 1.24e-04  -2.6 1.00e+00 1.00e+00h  1
 186  1.0000000e+02 1.36e-08 1.57e+02  -4.0 8.12e-02    -  1.00e+00 1.95e-03h 10
 187  1.0000000e+02 1.10e-09 7.58e-04  -4.0 2.96e-04  -3.1 1.00e+00 1.00e+00H  1
 188  1.0000000e+02 1.39e-11 1.57e+02  -4.0 8.83e-07   0.0 1.00e+00 1.00e+00h  1
 189  1.0000000e+02 3.93e-12 7.91e-07  -4.0 2.76e-07   0.4 1.00e+00 1.00e+00h  1
iter    objective    inf_pr   inf_du lg(mu)  ||d||  lg(rg) alpha_du alpha_pr  ls
 190  1.0000000e+02 5.98e-12 3.62e-07  -4.0 3.94e-07  -0.0 1.00e+00 1.00e+00h  1
 191  1.0000000e+02 1.56e-11 3.05e-07  -4.0 9.97e-07  -0.5 1.00e+00 1.00e+00h  1
 192  1.0000000e+02 2.89e-08 1.57e+02  -4.0 8.11e-02    -  1.00e+00 3.91e-03h  9
 193  1.0000000e+02 3.96e-08 6.11e-01  -4.0 1.02e-01    -  1.00e+00 3.91e-03h  9
 194  1.0000000e+02 4.59e-11 2.97e-07  -4.0 2.91e-06  -1.0 1.00e+00 1.00e+00h  1
 195  1.0000000e+02 1.37e-10 2.90e-07  -4.0 8.52e-06  -1.5 1.00e+00 1.00e+00h  1
 196  1.0000000e+02 4.04e-10 2.84e-07  -4.0 2.51e-05  -1.9 1.00e+00 1.00e+00h  1
 197  1.0000000e+02 2.75e-09 2.80e-07  -4.0 7.42e-05  -2.4 1.00e+00 1.00e+00h  1
 198  1.0000000e+02 2.35e-08 1.57e+02  -4.0 2.17e-04  -2.9 1.00e+00 1.00e+00h  1
 199  1.0000000e+02 2.35e-08 1.87e-05  -4.0 5.14e-04  -3.4 1.00e+00 1.19e-07h 24
iter    objective    inf_pr   inf_du lg(mu)  ||d||  lg(rg) alpha_du alpha_pr  ls
 200  1.0000000e+02 2.35e-08 1.57e+02  -4.0 8.07e-02    -  1.00e+00 1.22e-04h 14

Number of Iterations....: 200

                                   (scaled)                 (unscaled)
Objective...............:   4.0961916816192662e+01    1.0000000002148872e+02
Dual infeasibility......:   1.5652862881762530e+02    3.8213209004268066e+02
Constraint violation....:   2.3528249126769651e-08    2.3528249126769651e-08
Variable bound violation:   0.0000000000000000e+00    0.0000000000000000e+00
Complementarity.........:   1.0190183453895922e-04    2.4877213392653975e-04
Overall NLP error.......:   1.5652862881762530e+02    3.8213209004268066e+02


Number of objective function evaluations             = 458
Number of objective gradient evaluations             = 201
Number of equality constraint evaluations            = 458
Number of inequality constraint evaluations          = 0
Number of equality constraint Jacobian evaluations   = 201
Number of inequality constraint Jacobian evaluations = 0
Number of Lagrangian Hessian evaluations             = 200
Total seconds in IPOPT                               = 539.771

EXIT: Maximum Number of Iterations Exceeded.